4988 4388 4388 4305
4166 6766 6766 6746
4646 4646 4646 4644
4000 6200 0000 0007
4000 0600 0000 0006
4293 1891 0000 0008
4988 0800 0000 0000
4111 1111 1111 1111
4444 3333 2222 1111
4001 5900 0000 0001
4000 1800 0000 0002
4000 0200 0000 0000
4000 1600 0000 0004
4002 6900 0000 0008
4400 0000 0000 0008
4484 6000 0000 0004
4607 0000 0000 0009
4977 9494 9494 9497
4000 6400 0000 0005
4003 5500 0000 0003
4000 7600 0000 0001
4017 3400 0000 0003
4005 5190 0000 0006
4131 8400 0000 0003
4151 5000 0000 0008
4199 3500 0000 0002